D=zeros(4,4,2,2);
D(1,1,1,1)=1/2;
D(1,1,1,2)=1/2;
D(1,1,2,1)=1/2;
D(1,1,2,2)=1/2;
D(1,2,1,1)=-1/2;
D(1,2,1,2)=0;
D(1,2,2,1)=-1/2;
D(1,2,2,2)=0;
D(1,3,1,1)=0;
D(1,3,1,2)=-1/2;
D(1,3,2,1)=0;
D(1,3,2,2)=-1/2;
D(1,4,1,1)=0;
D(1,4,1,2)=0;
D(1,4,2,1)=0;
D(1,4,2,2)=0;
D(2,1,1,1)=-1/2;
D(2,1,1,2)=-1/2;
D(2,1,2,1)=0;
D(2,1,2,2)=0;
D(2,2,1,1)=1/2;
D(2,2,1,2)=0;
D(2,2,2,1)=0;
D(2,2,2,2)=0;
D(2,3,1,1)=0;
D(2,3,1,2)=1/2;
D(2,3,2,1)=0;
D(2,3,2,2)=0;
D(2,4,1,1)=0;
D(2,4,1,2)=0;
D(2,4,2,1)=0;
D(2,4,2,2)=0;
D(3,1,1,1)=0;
D(3,1,1,2)=0;
D(3,1,2,1)=-1/2;
D(3,1,2,2)=-1/2;
D(3,2,1,1)=0;
D(3,2,1,2)=0;
D(3,2,2,1)=1/2;
D(3,2,2,2)=0;
D(3,3,1,1)=0;
D(3,3,1,2)=0;
D(3,3,2,1)=0;
D(3,3,2,2)=1/2;
D(3,4,1,1)=0;
D(3,4,1,2)=0;
D(3,4,2,1)=0;
D(3,4,2,2)=0;
D(4,1,1,1)=0;
D(4,1,1,2)=0;
D(4,1,2,1)=0;
D(4,1,2,2)=0;
D(4,2,1,1)=0;
D(4,2,1,2)=0;
D(4,2,2,1)=0;
D(4,2,2,2)=0;
D(4,3,1,1)=0;
D(4,3,1,2)=0;
D(4,3,2,1)=0;
D(4,3,2,2)=0;
D(4,4,1,1)=81/20;
D(4,4,1,2)=81/40;
D(4,4,2,1)=81/40;
D(4,4,2,2)=81/20;

E=zeros(4,4);
E(1,1)=1/12;
E(1,2)=1/24;
E(1,3)=1/24;
E(1,4)=3/40;
E(2,1)=1/24;
E(2,2)=1/12;
E(2,3)=1/24;
E(2,4)=3/40;
E(3,1)=1/24;
E(3,2)=1/24;
E(3,3)=1/12;
E(3,4)=3/40;
E(4,1)=3/40;
E(4,2)=3/40;
E(4,3)=3/40;
E(4,4)=81/560;

C=zeros(3,4,2);
C(1,1,1)=-1/6;
C(1,1,2)=-1/6;
C(1,2,1)=1/6;
C(1,2,2)=0;
C(1,3,1)=0;
C(1,3,2)=1/6;
C(1,4,1)=9/40;
C(1,4,2)=9/40;
C(2,1,1)=-1/6;
C(2,1,2)=-1/6;
C(2,2,1)=1/6;
C(2,2,2)=0;
C(2,3,1)=0;
C(2,3,2)=1/6;
C(2,4,1)=-9/40;
C(2,4,2)=0;
C(3,1,1)=-1/6;
C(3,1,2)=-1/6;
C(3,2,1)=1/6;
C(3,2,2)=0;
C(3,3,1)=0;
C(3,3,2)=1/6;
C(3,4,1)=0;
C(3,4,2)=-9/40;
