D=zeros(3,3,2,2);
D(1,1,1,1)=1/2;
D(1,1,1,2)=1/2;
D(1,1,2,1)=1/2;
D(1,1,2,2)=1/2;
D(1,2,1,1)=-1/2;
D(1,2,1,2)=0;
D(1,2,2,1)=-1/2;
D(1,2,2,2)=0;
D(1,3,1,1)=0;
D(1,3,1,2)=-1/2;
D(1,3,2,1)=0;
D(1,3,2,2)=-1/2;
D(2,1,1,1)=-1/2;
D(2,1,1,2)=-1/2;
D(2,1,2,1)=0;
D(2,1,2,2)=0;
D(2,2,1,1)=1/2;
D(2,2,1,2)=0;
D(2,2,2,1)=0;
D(2,2,2,2)=0;
D(2,3,1,1)=0;
D(2,3,1,2)=1/2;
D(2,3,2,1)=0;
D(2,3,2,2)=0;
D(3,1,1,1)=0;
D(3,1,1,2)=0;
D(3,1,2,1)=-1/2;
D(3,1,2,2)=-1/2;
D(3,2,1,1)=0;
D(3,2,1,2)=0;
D(3,2,2,1)=1/2;
D(3,2,2,2)=0;
D(3,3,1,1)=0;
D(3,3,1,2)=0;
D(3,3,2,1)=0;
D(3,3,2,2)=1/2;

E=zeros(3,3);
E(1,1)=1/12;
E(1,2)=1/24;
E(1,3)=1/24;
E(2,1)=1/24;
E(2,2)=1/12;
E(2,3)=1/24;
E(3,1)=1/24;
E(3,2)=1/24;
E(3,3)=1/12;

C=zeros(3,3,2);
C(1,1,1)=-1/6;
C(1,1,2)=-1/6;
C(1,2,1)=1/6;
C(1,2,2)=0;
C(1,3,1)=0;
C(1,3,2)=1/6;
C(2,1,1)=-1/6;
C(2,1,2)=-1/6;
C(2,2,1)=1/6;
C(2,2,2)=0;
C(2,3,1)=0;
C(2,3,2)=1/6;
C(3,1,1)=-1/6;
C(3,1,2)=-1/6;
C(3,2,1)=1/6;
C(3,2,2)=0;
C(3,3,1)=0;
C(3,3,2)=1/6;
